42.41079906732868 -83.497932929617 200 0.12 0.38 0.44 0.79
42.41056093894755 -83.49813822340171 200 0.55 0.83 0.10 0.36
42.41090410756287 -83.49775809069617 200 0.21 0.47 0.62 0.91
42.41028699625693 -83.49791831561531 200 0.03 0.29 0.18 0.52
42.41099264586635 -83.49802978702917 200 0.67 0.92 0.41 0.73
42.410724392218285 -83.4977144145274 200 0.34 0.58 0.07 0.28
42.41017744757014 -83.49799232880109 200 0.48 0.76 0.55 0.88
42.41065159603668 -83.49824059953131 200 0.09 0.25 0.66 0.95
42.41096102770094 -83.49781154772971 200 0.72 0.97 0.14 0.39
42.4104120839898 -83.49774420908479 200 0.15 0.44 0.31 0.60
42.41087109321958 -83.49816162355435 200 0.50 0.78 0.22 0.49
42.410489320394674 -83.49766223170364 200 0.28 0.53 0.70 0.98
42.410215197706286 -83.49809905751172 200 0.06 0.19 0.05 0.27
42.41104378903976 -83.49788839531587 200 0.61 0.88 0.63 0.90
42.41067085143048 -83.49778688210908 200 0.40 0.66 0.12 0.34
42.41034416927085 -83.49823804958602 200 0.23 0.49 0.47 0.75
42.41092898418942 -83.49766741686075 200 0.74 0.99 0.52 0.80
42.41026577654264 -83.49802777869728 200 0.11 0.36 0.58 0.84
42.41082639432484 -83.49808536809964 200 0.57 0.82 0.03 0.21
42.41058266187392 -83.4978705544669 200 0.30 0.55 0.37 0.69
