42.410812 -83.497912 200 0.12 0.38 0.44 0.79
42.410567 -83.498102 200 0.55 0.83 0.10 0.36
42.410923 -83.497744 200 0.21 0.47 0.62 0.91
42.410301 -83.497865 200 0.03 0.29 0.18 0.52
42.411002 -83.498021 200 0.67 0.92 0.41 0.73
42.410745 -83.497689 200 0.34 0.58 0.07 0.28
42.410189 -83.497932 200 0.48 0.76 0.55 0.88
42.410654 -83.498210 200 0.09 0.25 0.66 0.95
42.410978 -83.497801 200 0.72 0.97 0.14 0.39
42.410432 -83.497699 200 0.15 0.44 0.31 0.60
42.410876 -83.498145 200 0.50 0.78 0.22 0.49
42.410512 -83.497622 200 0.28 0.53 0.70 0.98
42.410223 -83.498041 200 0.06 0.19 0.05 0.27
42.411058 -83.497883 200 0.61 0.88 0.63 0.90
42.410689 -83.497758 200 0.40 0.66 0.12 0.34
42.410347 -83.498188 200 0.23 0.49 0.47 0.75
42.410951 -83.497655 200 0.74 0.99 0.52 0.80
42.410276 -83.497973 200 0.11 0.36 0.58 0.84
42.410834 -83.498066 200 0.57 0.82 0.03 0.21
42.410598 -83.497836 200 0.30 0.55 0.37 0.69